1 13 5 H     0 22600 65535       37	 Hydrogen 1.0079  -259 -253 0.09 1776 13.5984 7 0 
2 64 5 He    32600 125 0		 32	 Helium 4.0026 -272 -269 0.18 1895 24.5874 9 0
3 13 7 Li    32600 125 0		 134 Lithium 6.941 180 1347 0.53 1817 5.3917 0 2
4 16 7 Be    32600 125 0		 90  Beryllium 9.0122 1278 2970 1.85 1797 9.3227 1 2
5 49 7 B     32600 125 0		 82  Boron 10.811 2300 2550 2.34 1808 8.298 10 2
6 52 7 C     32600 125 0		 77  Carbon 12.0107 3500 4827 2.26 0 11.2603 7 2
7 55 7 N     32600 125 0		 75  Nitrogen 14.0067 -210 -196 1.25 1772 14.5341 7 0
8 58 7 O     32600 125 0		 73  Oxygen 15.9994 -218 -183 1.43 1774 13.6181 7 0
9 61 7 F     32600 0 0		     71  Fluorine 18.9984 -220 -188 1.7 1886 17.4228 8 0
10 64 7 Ne   32600 125 0		 69  Neon 20.1797 -249 -246 .9 1898 21.5645 9 0
11 13 9  Na  32600 125 0		 154 Sodium 22.9897 98 883 .97 1807 5.1391 0 2
12 16 9 Mg   32600 125 0		 130 Magnesium 24.305 639 1090 1.74 1755 7.6462 1 2
13 49 9 Al   32600 125 0		 118 Aluminium 26.9815 660 2467 2.7 1825 5.9858 5 2
14 52 9 Si   32600 125 0		 111 Silicon 28.0855 1410 2355 2.33 1824 8.1517 10 2
15 55 9 P    32600 125 0		 106 Phosphorus 30.9738 44 280 1.82 1669 10.4867 7 2
16 58 9 S    32600 125 0		 102 Sulphur 32.065 113 445 2.07 0 10.36 7 2
17 61 9 Cl   61600 22600 53500   99  Chlorine 35.453 -10 -35 3.32 1774 12.9676 8 0
18 64 9 Ar   32600 125 0         97  Argon 39.948 -189 -186 1.78 1894 15.7596 9 0
19 13 11 K   32600 125 0         196 Potassium 39.0983 64 774 .86 1807 4.3407 0 2
20 16 11 Ca  32600 125 0         174 Calcium 40.078 839 1484 1.55 1808 6.1132 1 2
21 19 11 Sc  32600 125 0         144 Scandium 44.9559 1539 2832 2.99 1879 6.5615 4 2
22 22 11 Ti  32600 125 0         136 Titanium 47.867 1660 3287 4.54 1791 6.8281 4 2
23 25 11 V   32600 125 0         125 Vanadium 50.9415 1890 3380 6.11 1830 6.7462 4 2
24 28 11 Cr  32600 125 0         127 Chromium 51.9961 1857 2672 7.19 1797 6.7665 4 2
25 31 11 Mn  32600 125 0         139 Manganese 54.938 1245 1962 7.43 1774 7.434 4 2
26 34 11 Fe  32600 125 0         125 Iron 55.845 1535 2750 7.87 0 7.9024 4 2
27 37 11 Co  32600 125 0         126 Cobalt 58.9332 1495 2870 8.9 1735 7.881 4 2
28 40 11 Ni  32600 125 0         121 Nickel 58.6934 1453 2732 8.9 1751 7.6398 4 2
29 43 11 Cu  32600 125 0         138 Copper 63.546 1083 2567 8.96 0 7.7264 4 2
30 46 11 Zn  32600 125 0         131 Zinc 65.39 420 907 7.13 0 9.3942 4 2
31 49 11 Ga  32600 125 0         126 Gallium 69.723 30 2403 5.91 1875 5.9993 5 2
32 52 11 Ge  32600 125 0         122 Germanium 72.64 937 2830 5.32 1886 7.8994 10 2
33 55 11 As  32600 125 0         119 Arsenic 74.9216 81 613 5.72 0 9.7886 10 2
34 58 11 Se  32600 125 0         116 Selenium 78.96  217 685 4.79 1817 9.7524 7 2
35 61 11 Br  32600 125 0         114 Bromine 79.904 -7 59 3.12 1826 11.8138 8 1
36 64 11 Kr  32600 125 0         110 Krypton 83.8 -157 -153 3.75 1898 13.9996 9 0
37 13 13 Rb  32600 125 0         211 Rubidium 85.4678 39 688 1.63 1861 4.1771 0 2
38 16 13 Sr  32600 125 0         192 Strontium 87.62 769 1384 2.54 1790 5.6949 1 2
39 19 13 Y   32600 125 0         162 Yttrium 88.9059 1523 3337 4.47 1794 6.2173 4 2
40 22 13 Zr  32600 125 0         148 Zirconium 91.224 1852 4377 6.51 1789 6.6339 4 2
41 25 13 Nb  32600 125 0         137 Niobium 92.9064 2468 4927 8.57 1801 6.7589 4 2
42 28 13 Mo  32600 125 0         145 Molybdenum 95.94 2617 4612 10.22 1781 7.0924 4 2
43 31 13 Tc  32600 125 0         156 Technetium 98 2200 4877 11.5 1937 7.28 4 3
44 34 13 Ru  32600 125 0         126 Ruthenium 101.07 2250 3900 12.37 1844 7.3605 4 2
45 37 13 Rh  32600 125 0         135 Rhodium 102.9055 1966 3727 12.41 1803 7.4589 4 2
46 40 13 Pd  32600 125 0         131 Palladium 106.42 1552 2927 12.02 1803 8.3369 4 2
47 43 13 Ag  32600 125 0         153 Silver 107.8682 962 2212 10.5 0 7.5762 4 2
48 46 13 Cd  32600 125 0         148 Cadmium 112.411 321 765 8.65 1817 8.9938 4 2
49 49 13 In  32600 125 0         144 Indium 114.818 157 2000 7.31 1863 5.7864 5 2
50 52 13 Sn  22600 61600 53500   141 Tin 118.71 232 2270 7.31 0 7.3439 5 2
51 55 13 Sb  32600 125 0         138 Antimony 121.76 630 1750 6.68 0 8.6084 10 2 
52 58 13 Te  32600 125 0         135 Tellurium 127.6 449 990 6.24 1783 9.0096 10 2
53 61 13 I   32600 125 0         133 Iodine 126.9045 114 184 4.93 1811 10.4513 8 2
54 64 13 Xe  32600 125 0         130 Xenon 131.293 -112 -108 5.9 1898 12.1298 9 0
55 13 15 Cs  32600 125 0         225 Cesium 132.9055 29 678 1.87 1860 3.8939 0 1
56 16 15 Ba  32600 125 0         198 Barium 137.327 725 1140 3.59 1808 5.2117 1 2
57 19 15 La  32600 125 0         169 Lanthanum 138.9055 920 3469 6.15 1839 5.5769 4 2
58 25 21 Ce  32600 125 0         000 Cerium 140.116 795 3257 6.77 1803 5.5387 2 2
59 28 21 Pr  32600 125 0         000 Praseodymium 140.9077 935 3127 6.77 1885 5.473 2 2
60 31 21 Nd  32600 125 0         000 Neodymium 144.24 1010 3127 7.01 1885 5.525 2 2
61 34 21 Pm  32600 125 0         000 Promethium 145 1100 3000 7.3 1945 5.582 2 3
62 37 21 Sm  32600 125 0         000 Samarium 150.36 1072 1900 7.52 1879 5.637 2 2
63 40 21 Eu  32600 125 0         000 Europium 151.964 822 1597 5.24 1901 5.6704 2 2
64 43 21 Gd  32600 125 0         000 Gadolinium 157.25 1311 3233 7.9 1880 6.1501 2 2
65 46 21 Tb  32600 125 0         000 Terbium 158.9253 1360 3041 8.23 1843 5.8638 2 2
66 49 21 Dy  32600 125 0         000 Dysprosium 162.5 1412 2562 8.55 1886 5.9389 2 2
67 52 21 Ho  32600 125 0         000 Holmium 164.9303 1470 2720 8.8 1867 6.0215 2 2
68 55 21 Er  32600 125 0         000 Erbium 167.259 1522 2510 9.07 1842 6.1077 2 2
69 58 21 Tm  32600 125 0         000 Thulium 168.9342 1545 1727 9.32 1879 6.1843 2 2
70 61 21 Yb  32600 125 0         000 Ytterbium 173.04 824 1466 6.9 1878 6.2542 2 2
71 64 21 Lu  32600 125 0         160 Lutetium 174.967 1656 3315 9.84 1907 5.4259 2 2
72 22 15 Hf  32600 125 0         150 Hafnium 178.49 2150 5400 13.31 1923 6.8251 4 2
73 25 15 Ta  32600 125 0         138 Tantalum 180.9479 2996 5425 16.65  1802 7.5496 4 2
74 28 15 W   32600 125 0         146 Tungsten 183.84 3410 5660 19.35 1783 7.864 4 2
75 31 15 Re  32600 125 0         159 Rhenium 186.207 3180 5627 21.04 1925 7.8335 4 2
76 34 15 Os  32600 125 0         128 Osmium 190.23 3045 5027 22.6 1803 8.4382 4 2
77 37 15 Ir  32600 125 0         137 Iridium 192.217 2410 4527 22.4 1803 8.967 4 2
78 40 15 Pt  32600 125 0         128 Platinum 195.078 1772 3827 21.45 1735 8.9587 4 2
79 43 15 Au  32600 125 0         144 Gold 196.9665 1064 2807 19.32 0 9.2255 4 2
80 46 15 Hg  32600 125 0         149 Mercury 200.59 -39 357 13.55 0 10.4375 4 1
81 49 15 Tl  32600 125 0         148 Thallium  204.3833 303 1457 11.85 1861 6.1082 5 2
82 52 15 Pb  32600 125 0         147 Lead 207.2 327 1740 11.35 0 7.4167 5 2
83 55 15 Bi  32600 125 0         146 Bismuth 208.9804 271 1560 9.75 0 7.2856 5 2
84 58 15 Po  32600 125 0         000 Polonium 209 254 962 9.3 1898 8.417 10 2
85 61 15 At  32600 125 0         000 Astatine 210 302 337 0 1940 9.3 8 2
86 64 15 Rn  32600 125 0         145 Radon 222 -71 -62 9.73 1900 10.7485 9 0
87 13 17 Fr  32600 125 0         000 Francium 223 27 677 0 1939 4.0727 0 1
88 16 17 Ra  32600 125 0         000 Radium 226 700 1737 5.5 1898 5.2784 1 2
89 19 17 Ac  32600 125 0         000 Actinium 227 1050 3200 10.07 1899 5.17 4 2
90 25 23 Th  32600 125 0         000 Thorium 232.0381 1750 4790 11.72 1829 6.3067 3 2
91 28 23 Pa  32600 125 0         000 Protactinium 231.0359 1564 0 15.4 1913 5.89 3 2
92 31 23 U   32600 125 0         000 Uranium 238.0289 1132 3818 18.95 1789 6.1941 3 2
93 34 23 Np  32600 125 0         000 Neptunium 237 640 3902 20.2 1940 6.2657 3 3
94 37 23 Pu  32600 125 0         000 Plutonium 244 640 3235 19.84 1940 6.0262 3 3
95 40 23 Am  32600 125 0         000 Americium 243 994 2607 13.67 1944 5.9738 3 3
96 43 23 Cm  32600 125 0         000 Curium 247 1340 0 13.5 1944 5.9915 3 3
97 46 23 Bk  32600 125 0         000 Berkelium 247 986 0 14.78 1949 6.1979 3 3
98 49 23 Cf  32600 125 0         000 Californium 251 900 0 15.1 1950 6.2817 3 3
99 52 23 Es  32600 125 0         000 Einsteinium 252 860 0 0 1952 6.42 3 3
100 55 23 Fm 32600 125 0         000 Fermium 257 1527 0 0 1952 6.5 3 3
101 58 23 Md 32600 125 0         000 Mendelevium 258 0 0 0 1955 6.58 3 3
102 61 23 No 32600 125 0         000 Nobelium 259 1827 0 0 1958 6.65 3 3
103 64 23 Lr 32600 125 0         000 Lawrencium 262 1627 0 0 1961 4.9 3 3
104 22 17 Rf 32600 125 0         000	 Rutherfordium 261 0 0 0 1964 0 4 3
105 25 17 Db 32600 125 0         000 Dubnium 262 0 0 0 1967 0 4 3
106 28 17 Sg 32600 125 0         000 Seaborgium 263 0 0 0 1974 0 4 3
107 31 17 Bh 32600 125 0         000 Bohrium 262 0 0 0 1981 0 4 3
108 34 17 Hs 32600 125 0         000 Hassium 265 0 0 0 1984 0 4 3
109 37 17 Mt 32600 125 0         000 Meitnerium 266 0 0 0 1982 0 4 3
110 40 17 Ds 32600 125 0         000	 Darmstadtium 281 0 0 0 1994 0 4 3
111 43 17 Rg 32600 125 0         000 Roentgenium 272 0 0 0 1994 0 4 3
112 46 17 Cn 32600 125 0         000 Copernicium 285 0 0 0 1996 0 4 3
113 49 17 ut 32600 125 0         000 Ununtrium 284 0 0 0 2003 0 5 3
114 52 17 Fl 32600 125 0         000 Flerovium 289 0 0 0 1999 0 5 3
115 55 17 up 32600 125 0         000 Ununpentium 288 0 0 0 2003 0 5 3
116 58 17 Lv 32600 125 0         000 Livermorium 292 0 0 0 2000 0 5 3
117 61 17 us 32600 125 0         000 Ununseptium 0 0 0 0 2010 0 8 3
118 64 17 uo 32600 125 0         000 Ununoctium 294 0 0 0 2002 0 9 3